MAP: map2.txt
SCORE: 3600
Distance: 19
Generation: 1000
Gene: [0, 0, 1, 4, 3, 3, 1, 2, 1, 1, 2, 2, 1, 4, 0, 1, 0, 4, 1, 2, 4, 1, 3, 1, 2, 4, 4, 3, 1, 3, 0, 3, 3, 1, 1, 4, 4, 3, 0, 4, 3, 1, 0, 1, 4, 0, 3, 3, 2, 4, 4, 1, 3, 2, 2, 1, 3, 3, 1, 1, 1, 2, 3, 2, 1, 2, 4, 0, 1, 2, 0, 1, 0, 3, 1, 1, 4, 3, 2, 4, 0, 0, 3, 4, 1, 3, 0, 0, 1, 2, 2, 2, 1, 3, 2, 4, 2, 3, 1, 3, 4, 1, 4, 2, 2, 3, 0, 2, 2, 0, 3, 1, 2, 4, 0, 1, 3, 1, 1, 0, 1, 2, 3, 4, 1, 1, 2, 1, 1, 4, 1, 4, 4, 3, 1, 4, 3, 1, 3, 3, 4, 2, 4, 3, 0, 3, 3, 4, 2, 3, 4, 1, 1, 1, 1, 3, 2, 0, 3, 3, 0, 1, 1, 2, 0, 0, 1, 2, 3, 4, 3, 4, 4, 4, 3, 0, 1, 1, 3, 0, 1, 1, 2, 2, 1, 2, 4, 4, 3, 0, 4, 3, 0, 2, 4, 3, 4, 3, 0, 1, 1, 2, 0, 1, 0, 3, 1, 1, 1, 0, 0, 0, 3, 3, 2, 2, 4, 0, 4, 2, 2, 3, 2, 3, 1, 0, 3, 4, 0, 2, 4, 3, 3, 0, 4, 2, 4, 4, 1, 2, 1, 3, 2, 2, 2, 0, 2, 0, 0, 0, 0, 4, 1, 2, 3, 1]
=================================
MAP: map2.txt
SCORE: 4200
Distance: 19
Generation: 1000
Gene: [4, 2, 4, 2, 0, 1, 0, 0, 3, 3, 2, 4, 2, 3, 0, 3, 2, 3, 0, 0, 4, 0, 1, 1, 1, 1, 0, 3, 2, 1, 4, 4, 0, 2, 0, 2, 3, 0, 3, 1, 3, 3, 1, 1, 2, 0, 1, 3, 2, 2, 2, 0, 4, 1, 4, 2, 0, 0, 4, 2, 1, 2, 2, 2, 3, 2, 0, 0, 4, 2, 3, 2, 0, 1, 0, 1, 4, 1, 1, 2, 3, 1, 0, 2, 0, 1, 0, 0, 3, 4, 4, 1, 4, 1, 4, 4, 1, 2, 3, 2, 4, 0, 3, 3, 2, 1, 3, 1, 2, 2, 1, 2, 2, 2, 3, 2, 1, 4, 1, 1, 2, 4, 0, 0, 4, 2, 4, 4, 1, 2, 0, 2, 3, 3, 1, 3, 4, 2, 3, 3, 1, 1, 0, 3, 4, 3, 4, 4, 0, 4, 0, 4, 3, 0, 0, 0, 4, 1, 4, 2, 4, 3, 2, 1, 4, 0, 1, 2, 2, 4, 4, 0, 2, 0, 4, 0, 1, 2, 0, 2, 1, 0, 4, 2, 0, 1, 1, 3, 0, 0, 0, 3, 1, 4, 0, 3, 4, 3, 3, 1, 3, 4, 1, 0, 2, 4, 3, 1, 3, 0, 3, 1, 4, 2, 2, 2, 3, 3, 1, 3, 2, 4, 4, 2, 4, 3, 4, 0, 4, 0, 1, 0, 0, 1, 1, 4, 4, 4, 2, 2, 1, 0, 3, 1, 2, 3, 4, 0, 1, 3, 1, 0, 3, 2, 3, 1]
=================================
MAP: map2.txt
SCORE: 3600
Distance: 15
Generation: 1000
Gene: [0, 1, 3, 2, 4, 1, 3, 3, 1, 1, 2, 4, 3, 3, 0, 2, 0, 4, 1, 4, 3, 2, 1, 3, 3, 4, 1, 2, 0, 1, 3, 2, 4, 3, 2, 2, 2, 3, 2, 3, 2, 3, 1, 4, 0, 1, 2, 3, 0, 3, 0, 1, 1, 0, 1, 2, 3, 1, 2, 0, 4, 2, 0, 3, 0, 0, 1, 1, 3, 1, 4, 0, 4, 1, 2, 4, 4, 0, 3, 2, 0, 4, 2, 4, 1, 3, 3, 4, 4, 2, 3, 2, 1, 2, 0, 4, 0, 0, 1, 1, 3, 4, 0, 1, 2, 4, 2, 2, 4, 2, 1, 1, 4, 0, 3, 1, 1, 2, 0, 3, 1, 3, 4, 3, 1, 3, 4, 3, 2, 2, 3, 1, 0, 0, 0, 0, 1, 2, 1, 3, 0, 0, 2, 4, 2, 0, 4, 2, 0, 2, 0, 0, 0, 2, 4, 2, 2, 1, 3, 3, 2, 4, 1, 1, 2, 0, 0, 3, 0, 3, 2, 4, 1, 4, 4, 4, 1, 2, 3, 3, 1, 4, 2, 1, 4, 1, 0, 3, 2, 3, 2, 2, 2, 0, 4, 0, 2, 1, 2, 0, 2, 4, 2, 4, 0, 1, 2, 1, 4, 4, 2, 0, 3, 2, 2, 4, 4, 0, 0, 1, 2, 2, 2, 1, 2, 3, 2, 3, 1, 1, 1, 0, 4, 0, 1, 3, 2, 4, 2, 2, 3, 1, 2, 4, 4, 0, 0, 2, 3, 3, 4, 4, 3, 2, 4, 1]
=================================
